Mon Mar 18 20:17:28 2019
01
Stop
3367
25310
8335
22968
75
02
Stop
IO
IO
IO
IO
IO
03
AchieveQty
4907
4907
21688
30354
18
04
Stop
12178
22254
12622
27362
59
05
AchieveQty
IO
IO
IO
IO
IO
06
Stop(Lock)
IO
IO
IO
IO
IO
07
AchieveQty
15040
15040
11423
13609
73
08
Disconnect
#
#
#
#
#
09
Producing(Lock)
8165
8939
22800
28728
72
10
Producing
8653
28821
683
22136
87
11
Producing
282
30815
14094
20227
50
12
Producing
8764
29875
2374
31848
98
13
Producing(Lock)
IO
IO
IO
IO
IO
14
AchieveQty
30637
30637
16701
29032
38
15
ServerError
18185
27072
11236
29581
24
16
AchieveQty
24651
24651
4949
20654
11
17
Producing
26557
28575
29889
30618
52
18
Producing
25893
32138
14042
28834
42
19
Stop
19039
20530
25935
28951
91
20
Producing
480
27698
14614
20748
51
21
ServerError(Lock)
12687
18226
1662
10370
82
22
Producing
24675
32746
4090
17189
5
23
Producing
4457
9520
7149
23908
62
24
AchieveQty
7548
7548
9375
32383
33
25
Producing(Lock)
19071
31615
5473
6200
24
26
Producing
2119
14193
15148
29731
90
27
AchieveQty
22873
22873
6065
16031
32
28
Stop
IO
IO
IO
IO
IO
29
ServerError
19553
29019
26487
30023
86
30
Stop
5909
27453
8601
21226
41
31
Stop
14366
21163
9821
21870
31
32
Producing
6810
30209
22704
31385
72
33
Stop
7860
13689
3287
4252
87
34
Stop(Lock)
5202
29820
7423
18174
79
35
Producing
372
12188
11978
25502
70
36
AchieveQty(Lock)
25915
25915
979
16821
69
37
Producing
8266
27217
289
18198
42
38
Producing
569
19893
21979
27891
4
39
Producing
3922
15863
2177
10336
73
40
AchieveQty
8340
8340
3069
10782
33
41
Stop
10544
30626
4993
17295
4
42
Producing
1643
5403
3315
10233
100
43
Producing
4922
26508
17516
31507
63
44
PowerOff
6396
7133
26229
32068
3
45
Stop(Lock)
21636
26663
27054
27277
45
46
Producing
IO
IO
IO
IO
IO
47
Producing(Lock)
2125
21814
999
23359
46
48
PowerOff
IO
IO
IO
IO
IO
49
Stop
20116
22664
7625
14316
37
50
Stop
22358
28044
21579
23945
7
51
AchieveQty(Lock)
9335
9335
12373
30171
18
52
Stop
IO
IO
IO
IO
IO
53
Disconnect
#
#
#
#
#
54
Disconnect
#
#
#
#
#
55
AchieveQty
18506
18506
22389
29426
16
56
Producing
8634
15819
20900
26492
98
57
PowerOff
7976
12969
5821
25381
36
58
Producing
16567
27083
14315
14727
37
59
ServerError
23417
31118
4813
11675
83
60
ServerError
16272
16836
3976
15413
21
61
AchieveQty
11895
11895
27177
30348
82
62
Stop
14821
24801
12209
15499
90
63
Stop
17419
31915
20634
32662
67
64
Producing(Lock)
16709
19292
8600
27264
89
65
Stop(Lock)
19580
31932
7244
22629
82
66
Stop
14485
30948
26864
31471
67
67
ServerError
IO
IO
IO
IO
IO
68
AchieveQty
9282
9282
15814
29592
1
69
Stop
186
21585
9359
24414
61
70
Producing
5858
12811
24186
30047
92
71
AchieveQty(Lock)
9358
9358
11038
12444
64
72
Producing
14219
25559
6820
25220
24
73
Stop
4205
25773
19867
23668
75
74
Producing
11546
25139
20054
24215
36
75
Stop
16103
23211
9833
25454
65
76
Producing
IO
IO
IO
IO
IO
77
Stop
27859
31096
904
30277
70
78
Producing
24503
26677
16307
18705
70
79
Producing(Lock)
9075
10320
2254
10716
24
80
Producing
IO
IO
IO
IO
IO
81
ServerError
13689
18413
15302
29601
100
82
Producing
6778
19765
11008
12617
2
83
Disconnect
#
#
#
#
#
84
ServerError
4937
20336
13333
14650
96
85
ServerError
28878
31082
14592
25160
5
86
AchieveQty
14352
14352
17346
31393
80
87
Stop
13814
22165
497
23447
18
88
Disconnect
#
#
#
#
#
89
Disconnect
#
#
#
#
#
90
Stop
21529
22449
7873
26308
1
91
Producing
660
11924
3696
19968
14
92
PowerOff
7744
12286
4594
19247
36
93
AchieveQty
IO
IO
IO
IO
IO
94
Producing
12767
20807
3641
23304
12
95
AchieveQty(Lock)
24231
24231
15002
26460
35
96
AchieveQty
28323
28323
22351
23419
97
97
Producing
IO
IO
IO
IO
IO
98
ServerError
1343
25682
17508
17861
87
99
ServerError
26409
29834
700
18581
1
